201510560527 
201510560708 
201510558090 
201510558967 
201821752977 
201821752485 
201821752484 
201620592289 
201620589670 
201620587706 
201620590454 
201520683836 
201520365127 
201520365103 
201520365102 
201520684443 
201520684393 
201520680841 
201520364891 
201520364999 
201420223813 
201420223857 
201420403462 
201420403446 
201320663793 
201320663818 
201420223861 
201420223864 
201420223863 
201420403375 
201320661959 
201020536596 
201020536616 
201020536627 
201020536619 
200920042518 
200820186567 
200920042520 
200920042523 
200920042521 
200920042522 
200920042517 
200920042524 
200920042519 
200820186568 
201720650972 
201720650929 
201720651036 
201720651035 